debugemode Initialisiert 08:05:57 12.06.2018
Die angegebene Datei wurde gefunden
0
13438
15672
16297
16735
18860
18954
23454
24000
28016
33360
33719
37766
105.323 936 500 secs	 3B FF 96 00 FF 81 31 FE 45 65 63 11 12 60 02 50 00 10 0A 04 03 EE 07 00 5E
105.323 936 500 secs	 3B FF 96 00 FF 81 31 FE 45 65 63 11 12 60 02 50 00 10 0A 04 03 EE 07 00 5E
105.496 469 450 secs	 00 C1 01 FE 3E
105.496 469 450 secs	 00 C1 01 FE 3E
105.507 443 550 secs	 00 E1 01 FE 1E
105.507 443 550 secs	 00 E1 01 FE 1E
105.515 949 250 secs	 00 00 14 00 A4 04 00 0E 31 50 41 59 2E 53 59 53 2E 44 44 46 30 31 00 DD
105.515 949 250 secs	 00 00 14 00 A4 04 00 0E 31 50 41 59 2E 53 59 53 2E 44 44 46 30 31 00 DD
105.569 052 600 secs	 00 00 4A 6F 46 84 0E 31 50 41 59 2E 53 59 53 2E 44 44 46 30 31 A5 34 88 01 05 5F 2D 04 64 65 65 6E BF 0C 27 5F 54 0B 54 45 53 54 44 45 54 54 35 34 34 5F 53 16 44 45 30 39 39 34 30 35 39 35 34 34 30 30 30 30 30 30 30 30 30 30 90 00 DF
105.569 052 600 secs	 00 00 4A 6F 46 84 0E 31 50 41 59 2E 53 59 53 2E 44 44 46 30 31 A5 34 88 01 05 5F 2D 04 64 65 65 6E BF 0C 27 5F 54 0B 54 45 53 54 44 45 54 54 35 34 34 5F 53 16 44 45 30 39 39 34 30 35 39 35 34 34 30 30 30 30 30 30 30 30 30 30 90 00 DF
105.752 227 550 secs	 00 40 05 00 B2 01 2C 00 DA
105.752 227 550 secs	 00 40 05 00 B2 01 2C 00 DA
105.772 526 750 secs	 00 40 AE 70 81 A9 61 18 4F 09 D2 76 00 00 25 47 41 01 00 50 08 67 69 72 6F 63 61 72 64 87 01 02 61 18 4F 09 A0 00 00 00 59 45 43 01 00 50 08 67 69 72 6F 63 61 72 64 87 01 04 61 19 4F 0A A0 00 00 03 59 10 10 02 80 01 50 08 67 69 72 6F 63 61 72 64 87 01 04 61 13 4F 07 A0 00 00 00 03 20 20 50 05 56 20 50 41 59 87 01 07 61 13 4F 07 A0 00 00 00 03 20 10 50 05 56 20 50 41 59 87 01 08 61 16 4F 09 D2 76 00 00 25 45 50 02 00 50 09 47 65 6C 64 4B 61 72 74 65 00 00 00 00 00 00 00 00 00 00 00 00 00 00 00 00 00 00 00 00 00 00 00 00 90 00 63
105.772 526 750 secs	 00 40 AE 70 81 A9 61 18 4F 09 D2 76 00 00 25 47 41 01 00 50 08 67 69 72 6F 63 61 72 64 87 01 02 61 18 4F 09 A0 00 00 00 59 45 43 01 00 50 08 67 69 72 6F 63 61 72 64 87 01 04 61 19 4F 0A A0 00 00 03 59 10 10 02 80 01 50 08 67 69 72 6F 63 61 72 64 87 01 04 61 13 4F 07 A0 00 00 00 03 20 20 50 05 56 20 50 41 59 87 01 07 61 13 4F 07 A0 00 00 00 03 20 10 50 05 56 20 50 41 59 87 01 08 61 16 4F 09 D2 76 00 00 25 45 50 02 00 50 09 47 65 6C 64 4B 61 72 74 65 00 00 00 00 00 00 00 00 00 00 00 00 00 00 00 00 00 00 00 00 00 00 00 00 90 00 63
106.116 173 600 secs	 00 00 05 00 B2 02 2C 00 99
106.116 173 600 secs	 00 00 05 00 B2 02 2C 00 99
106.136 156 800 secs	 00 00 02 6A 83 EB
106.136 156 800 secs	 00 00 02 6A 83 EB
108.371 698 800 secs	 00 40 0F 00 A4 04 00 09 D2 76 00 00 25 47 41 01 00 00 60
108.371 698 800 secs	 00 40 0F 00 A4 04 00 09 D2 76 00 00 25 47 41 01 00 00 60
108.408 890 600 secs	 00 40 60 6F 5C 84 09 D2 76 00 00 25 47 41 01 00 A5 4F 50 08 67 69 72 6F 63 61 72 64 87 01 02 9F 38 09 9F 33 02 9F 35 01 9F 40 01 5F 2D 04 64 65 65 6E BF 0C 2C 9F 4D 02 19 0A 5F 54 0B 54 45 53 54 44 45 54 54 35 34 34 5F 53 16 44 45 30 39 39 34 30 35 39 35 34 34 30 30 30 30 30 30 30 30 30 30 90 00 D8
108.408 890 600 secs	 00 40 60 6F 5C 84 09 D2 76 00 00 25 47 41 01 00 A5 4F 50 08 67 69 72 6F 63 61 72 64 87 01 02 9F 38 09 9F 33 02 9F 35 01 9F 40 01 5F 2D 04 64 65 65 6E BF 0C 2C 9F 4D 02 19 0A 5F 54 0B 54 45 53 54 44 45 54 54 35 34 34 5F 53 16 44 45 30 39 39 34 30 35 39 35 34 34 30 30 30 30 30 30 30 30 30 30 90 00 D8
108.618 714 600 secs	 00 00 04 00 22 F3 02 D7
108.618 714 600 secs	 00 00 04 00 22 F3 02 D7
108.636 457 600 secs	 00 00 02 90 00 92
108.636 457 600 secs	 00 00 02 90 00 92
108.681 638 550 secs	 00 40 05 00 B2 01 C4 00 32
108.681 638 550 secs	 00 40 05 00 B2 01 C4 00 32
108.702 370 750 secs	 00 40 09 00 01 01 01 00 00 00 90 00 D8
108.702 370 750 secs	 00 40 09 00 01 01 01 00 00 00 90 00 D8
108.763 652 350 secs	 00 00 04 00 22 F3 01 D4
108.763 652 350 secs	 00 00 04 00 22 F3 01 D4
108.781 380 300 secs	 00 00 02 90 00 92
108.781 380 300 secs	 00 00 02 90 00 92
108.859 646 750 secs	 00 40 0C 80 A8 00 00 06 83 04 60 40 14 E9 00 38
108.859 646 750 secs	 00 40 0C 80 A8 00 00 06 83 04 60 40 14 E9 00 38
108.897 338 900 secs	 00 40 0E 77 0A 82 02 18 00 94 04 08 02 05 00 90 00 A4
108.897 338 900 secs	 00 40 0E 77 0A 82 02 18 00 94 04 08 02 05 00 90 00 A4
108.978 572 450 secs	 00 00 05 00 B2 02 0C 00 B9
108.978 572 450 secs	 00 00 05 00 B2 02 0C 00 B9
108.999 102 650 secs	 00 00 09 70 05 9F 08 02 00 02 90 00 7B
108.999 102 650 secs	 00 00 09 70 05 9F 08 02 00 02 90 00 7B
109.061 626 050 secs	 00 40 05 00 B2 03 0C 00 F8
109.061 626 050 secs	 00 40 05 00 B2 03 0C 00 F8
109.082 091 150 secs	 00 40 41 70 3D 8C 1B 9F 02 06 9F 03 06 9F 1A 02 95 05 5F 2A 02 9A 03 9C 01 9F 37 04 9F 35 01 9F 34 03 8D 09 91 10 8A 02 95 05 9F 37 04 57 13 48 25 90 44 11 00 60 09 61 9D 20 12 20 12 39 61 13 96 1F 90 00 8B
109.082 091 150 secs	 00 40 41 70 3D 8C 1B 9F 02 06 9F 03 06 9F 1A 02 95 05 5F 2A 02 9A 03 9C 01 9F 37 04 9F 35 01 9F 34 03 8D 09 91 10 8A 02 95 05 9F 37 04 57 13 48 25 90 44 11 00 60 09 61 9D 20 12 20 12 39 61 13 96 1F 90 00 8B
109.229 540 350 secs	 00 00 05 00 B2 04 0C 00 BF
109.229 540 350 secs	 00 00 05 00 B2 04 0C 00 BF
109.249 952 100 secs	 00 00 10 70 0C 8E 0A 00 00 00 00 00 00 00 00 02 03 90 00 79
109.249 952 100 secs	 00 00 10 70 0C 8E 0A 00 00 00 00 00 00 00 00 02 03 90 00 79
109.327 569 350 secs	 00 40 05 00 B2 05 0C 00 FE
109.327 569 350 secs	 00 40 05 00 B2 05 0C 00 FE
109.348 081 100 secs	 00 40 3C 70 38 5F 24 03 20 12 31 5A 0A 48 25 90 44 11 00 60 09 61 9F 5F 34 01 01 5F 28 02 02 80 9F 07 02 FF C0 9F 0D 05 FC 40 A4 80 00 9F 0E 05 00 10 18 00 00 9F 0F 05 FC 40 A4 98 00 90 00 0F
109.348 081 100 secs	 00 40 3C 70 38 5F 24 03 20 12 31 5A 0A 48 25 90 44 11 00 60 09 61 9F 5F 34 01 01 5F 28 02 02 80 9F 07 02 FF C0 9F 0D 05 FC 40 A4 80 00 9F 0E 05 00 10 18 00 00 9F 0F 05 FC 40 A4 98 00 90 00 0F
113.793 725 950 secs	 00 00 27 80 AE 80 00 21 00 00 00 00 10 00 00 00 00 00 00 00 02 80 80 00 04 80 00 09 78 18 02 08 01 B7 70 A2 3B 14 02 03 00 00 17
113.793 725 950 secs	 00 00 27 80 AE 80 00 21 00 00 00 00 10 00 00 00 00 00 00 00 02 80 80 00 04 80 00 09 78 18 02 08 01 B7 70 A2 3B 14 02 03 00 00 17
113.921 060 400 secs	 00 00 3B 77 37 9F 27 01 80 9F 36 02 01 07 9F 26 08 BA 97 F0 AF B7 25 01 6A 9F 10 20 0F A6 CE A2 30 C0 0A 00 00 00 00 00 00 00 00 00 0F 10 00 00 00 00 00 00 00 33 05 18 16 02 10 02 90 00 E2
113.921 060 400 secs	 00 00 3B 77 37 9F 27 01 80 9F 36 02 01 07 9F 26 08 BA 97 F0 AF B7 25 01 6A 9F 10 20 0F A6 CE A2 30 C0 0A 00 00 00 00 00 00 00 00 00 0F 10 00 00 00 00 00 00 00 33 05 18 16 02 10 02 90 00 E2
116.479 182 350 secs	 00 40 21 80 AE 40 00 1B 00 00 00 00 00 00 00 00 00 00 00 00 00 00 00 00 30 30 80 00 04 80 00 B7 70 A2 3B 00 4E
116.479 182 350 secs	 00 40 21 80 AE 40 00 1B 00 00 00 00 00 00 00 00 00 00 00 00 00 00 00 00 30 30 80 00 04 80 00 B7 70 A2 3B 00 4E
116.598 535 750 secs	 00 40 3B 77 37 9F 27 01 40 9F 36 02 01 07 9F 26 08 2A 53 EC 95 E4 D8 F9 01 9F 10 20 0F A6 CE 62 30 00 0A 00 00 00 00 00 00 00 00 00 0F 10 00 00 00 00 00 00 00 33 05 18 16 02 10 02 90 00 2D
116.598 535 750 secs	 00 40 3B 77 37 9F 27 01 40 9F 36 02 01 07 9F 26 08 2A 53 EC 95 E4 D8 F9 01 9F 10 20 0F A6 CE 62 30 00 0A 00 00 00 00 00 00 00 00 00 0F 10 00 00 00 00 00 00 00 33 05 18 16 02 10 02 90 00 2D
Log eingelesen
105323
105496
105507
105515
105569
105752
105772
106116
106136
108371
108408
108618
108636
108681
108702
108763
108781
108859
108897
108978
108999
109061
109082
109229
109249
109327
109348
113793
113921
116479
116598
Chip Transaktion data customer
18860
10531ATR
23687
24875
26562
30375
35296
35703
42937
Zugriff auf 'Auswertung2.xlsx' verweigert.
   bei Microsoft.Office.Interop.Excel._Workbook.SaveAs(Object Filename, Object FileFormat, Object Password, Object WriteResPassword, Object ReadOnlyRecommended, Object CreateBackup, XlSaveAsAccessMode AccessMode, Object ConflictResolution, Object AddToMru, Object TextCodepage, Object TextVisualLayout, Object Local)
   bei WindowsFormsApplication1.Form1.BT_autofill_Click(Object sender, EventArgs e) in c:\Users\localadmin\Documents\Visual Studio 2013\Projects\WindowsFormsApplication1\WindowsFormsApplication1\Form1.cs:Zeile 283.
Die angegebene Datei wurde gefunden
0
13438
15672
16297
16735
18860
18954
23454
24000
28016
33360
33719
37766
105.323 936 500 secs	 3B FF 96 00 FF 81 31 FE 45 65 63 11 12 60 02 50 00 10 0A 04 03 EE 07 00 5E
105.323 936 500 secs	 3B FF 96 00 FF 81 31 FE 45 65 63 11 12 60 02 50 00 10 0A 04 03 EE 07 00 5E
105.496 469 450 secs	 00 C1 01 FE 3E
105.496 469 450 secs	 00 C1 01 FE 3E
105.507 443 550 secs	 00 E1 01 FE 1E
105.507 443 550 secs	 00 E1 01 FE 1E
105.515 949 250 secs	 00 00 14 00 A4 04 00 0E 31 50 41 59 2E 53 59 53 2E 44 44 46 30 31 00 DD
105.515 949 250 secs	 00 00 14 00 A4 04 00 0E 31 50 41 59 2E 53 59 53 2E 44 44 46 30 31 00 DD
105.569 052 600 secs	 00 00 4A 6F 46 84 0E 31 50 41 59 2E 53 59 53 2E 44 44 46 30 31 A5 34 88 01 05 5F 2D 04 64 65 65 6E BF 0C 27 5F 54 0B 54 45 53 54 44 45 54 54 35 34 34 5F 53 16 44 45 30 39 39 34 30 35 39 35 34 34 30 30 30 30 30 30 30 30 30 30 90 00 DF
105.569 052 600 secs	 00 00 4A 6F 46 84 0E 31 50 41 59 2E 53 59 53 2E 44 44 46 30 31 A5 34 88 01 05 5F 2D 04 64 65 65 6E BF 0C 27 5F 54 0B 54 45 53 54 44 45 54 54 35 34 34 5F 53 16 44 45 30 39 39 34 30 35 39 35 34 34 30 30 30 30 30 30 30 30 30 30 90 00 DF
105.752 227 550 secs	 00 40 05 00 B2 01 2C 00 DA
105.752 227 550 secs	 00 40 05 00 B2 01 2C 00 DA
105.772 526 750 secs	 00 40 AE 70 81 A9 61 18 4F 09 D2 76 00 00 25 47 41 01 00 50 08 67 69 72 6F 63 61 72 64 87 01 02 61 18 4F 09 A0 00 00 00 59 45 43 01 00 50 08 67 69 72 6F 63 61 72 64 87 01 04 61 19 4F 0A A0 00 00 03 59 10 10 02 80 01 50 08 67 69 72 6F 63 61 72 64 87 01 04 61 13 4F 07 A0 00 00 00 03 20 20 50 05 56 20 50 41 59 87 01 07 61 13 4F 07 A0 00 00 00 03 20 10 50 05 56 20 50 41 59 87 01 08 61 16 4F 09 D2 76 00 00 25 45 50 02 00 50 09 47 65 6C 64 4B 61 72 74 65 00 00 00 00 00 00 00 00 00 00 00 00 00 00 00 00 00 00 00 00 00 00 00 00 90 00 63
105.772 526 750 secs	 00 40 AE 70 81 A9 61 18 4F 09 D2 76 00 00 25 47 41 01 00 50 08 67 69 72 6F 63 61 72 64 87 01 02 61 18 4F 09 A0 00 00 00 59 45 43 01 00 50 08 67 69 72 6F 63 61 72 64 87 01 04 61 19 4F 0A A0 00 00 03 59 10 10 02 80 01 50 08 67 69 72 6F 63 61 72 64 87 01 04 61 13 4F 07 A0 00 00 00 03 20 20 50 05 56 20 50 41 59 87 01 07 61 13 4F 07 A0 00 00 00 03 20 10 50 05 56 20 50 41 59 87 01 08 61 16 4F 09 D2 76 00 00 25 45 50 02 00 50 09 47 65 6C 64 4B 61 72 74 65 00 00 00 00 00 00 00 00 00 00 00 00 00 00 00 00 00 00 00 00 00 00 00 00 90 00 63
106.116 173 600 secs	 00 00 05 00 B2 02 2C 00 99
106.116 173 600 secs	 00 00 05 00 B2 02 2C 00 99
106.136 156 800 secs	 00 00 02 6A 83 EB
106.136 156 800 secs	 00 00 02 6A 83 EB
108.371 698 800 secs	 00 40 0F 00 A4 04 00 09 D2 76 00 00 25 47 41 01 00 00 60
108.371 698 800 secs	 00 40 0F 00 A4 04 00 09 D2 76 00 00 25 47 41 01 00 00 60
108.408 890 600 secs	 00 40 60 6F 5C 84 09 D2 76 00 00 25 47 41 01 00 A5 4F 50 08 67 69 72 6F 63 61 72 64 87 01 02 9F 38 09 9F 33 02 9F 35 01 9F 40 01 5F 2D 04 64 65 65 6E BF 0C 2C 9F 4D 02 19 0A 5F 54 0B 54 45 53 54 44 45 54 54 35 34 34 5F 53 16 44 45 30 39 39 34 30 35 39 35 34 34 30 30 30 30 30 30 30 30 30 30 90 00 D8
108.408 890 600 secs	 00 40 60 6F 5C 84 09 D2 76 00 00 25 47 41 01 00 A5 4F 50 08 67 69 72 6F 63 61 72 64 87 01 02 9F 38 09 9F 33 02 9F 35 01 9F 40 01 5F 2D 04 64 65 65 6E BF 0C 2C 9F 4D 02 19 0A 5F 54 0B 54 45 53 54 44 45 54 54 35 34 34 5F 53 16 44 45 30 39 39 34 30 35 39 35 34 34 30 30 30 30 30 30 30 30 30 30 90 00 D8
108.618 714 600 secs	 00 00 04 00 22 F3 02 D7
108.618 714 600 secs	 00 00 04 00 22 F3 02 D7
108.636 457 600 secs	 00 00 02 90 00 92
108.636 457 600 secs	 00 00 02 90 00 92
108.681 638 550 secs	 00 40 05 00 B2 01 C4 00 32
108.681 638 550 secs	 00 40 05 00 B2 01 C4 00 32
108.702 370 750 secs	 00 40 09 00 01 01 01 00 00 00 90 00 D8
108.702 370 750 secs	 00 40 09 00 01 01 01 00 00 00 90 00 D8
108.763 652 350 secs	 00 00 04 00 22 F3 01 D4
108.763 652 350 secs	 00 00 04 00 22 F3 01 D4
108.781 380 300 secs	 00 00 02 90 00 92
108.781 380 300 secs	 00 00 02 90 00 92
108.859 646 750 secs	 00 40 0C 80 A8 00 00 06 83 04 60 40 14 E9 00 38
108.859 646 750 secs	 00 40 0C 80 A8 00 00 06 83 04 60 40 14 E9 00 38
108.897 338 900 secs	 00 40 0E 77 0A 82 02 18 00 94 04 08 02 05 00 90 00 A4
108.897 338 900 secs	 00 40 0E 77 0A 82 02 18 00 94 04 08 02 05 00 90 00 A4
108.978 572 450 secs	 00 00 05 00 B2 02 0C 00 B9
108.978 572 450 secs	 00 00 05 00 B2 02 0C 00 B9
108.999 102 650 secs	 00 00 09 70 05 9F 08 02 00 02 90 00 7B
108.999 102 650 secs	 00 00 09 70 05 9F 08 02 00 02 90 00 7B
109.061 626 050 secs	 00 40 05 00 B2 03 0C 00 F8
109.061 626 050 secs	 00 40 05 00 B2 03 0C 00 F8
109.082 091 150 secs	 00 40 41 70 3D 8C 1B 9F 02 06 9F 03 06 9F 1A 02 95 05 5F 2A 02 9A 03 9C 01 9F 37 04 9F 35 01 9F 34 03 8D 09 91 10 8A 02 95 05 9F 37 04 57 13 48 25 90 44 11 00 60 09 61 9D 20 12 20 12 39 61 13 96 1F 90 00 8B
109.082 091 150 secs	 00 40 41 70 3D 8C 1B 9F 02 06 9F 03 06 9F 1A 02 95 05 5F 2A 02 9A 03 9C 01 9F 37 04 9F 35 01 9F 34 03 8D 09 91 10 8A 02 95 05 9F 37 04 57 13 48 25 90 44 11 00 60 09 61 9D 20 12 20 12 39 61 13 96 1F 90 00 8B
109.229 540 350 secs	 00 00 05 00 B2 04 0C 00 BF
109.229 540 350 secs	 00 00 05 00 B2 04 0C 00 BF
109.249 952 100 secs	 00 00 10 70 0C 8E 0A 00 00 00 00 00 00 00 00 02 03 90 00 79
109.249 952 100 secs	 00 00 10 70 0C 8E 0A 00 00 00 00 00 00 00 00 02 03 90 00 79
109.327 569 350 secs	 00 40 05 00 B2 05 0C 00 FE
109.327 569 350 secs	 00 40 05 00 B2 05 0C 00 FE
109.348 081 100 secs	 00 40 3C 70 38 5F 24 03 20 12 31 5A 0A 48 25 90 44 11 00 60 09 61 9F 5F 34 01 01 5F 28 02 02 80 9F 07 02 FF C0 9F 0D 05 FC 40 A4 80 00 9F 0E 05 00 10 18 00 00 9F 0F 05 FC 40 A4 98 00 90 00 0F
109.348 081 100 secs	 00 40 3C 70 38 5F 24 03 20 12 31 5A 0A 48 25 90 44 11 00 60 09 61 9F 5F 34 01 01 5F 28 02 02 80 9F 07 02 FF C0 9F 0D 05 FC 40 A4 80 00 9F 0E 05 00 10 18 00 00 9F 0F 05 FC 40 A4 98 00 90 00 0F
113.793 725 950 secs	 00 00 27 80 AE 80 00 21 00 00 00 00 10 00 00 00 00 00 00 00 02 80 80 00 04 80 00 09 78 18 02 08 01 B7 70 A2 3B 14 02 03 00 00 17
113.793 725 950 secs	 00 00 27 80 AE 80 00 21 00 00 00 00 10 00 00 00 00 00 00 00 02 80 80 00 04 80 00 09 78 18 02 08 01 B7 70 A2 3B 14 02 03 00 00 17
113.921 060 400 secs	 00 00 3B 77 37 9F 27 01 80 9F 36 02 01 07 9F 26 08 BA 97 F0 AF B7 25 01 6A 9F 10 20 0F A6 CE A2 30 C0 0A 00 00 00 00 00 00 00 00 00 0F 10 00 00 00 00 00 00 00 33 05 18 16 02 10 02 90 00 E2
113.921 060 400 secs	 00 00 3B 77 37 9F 27 01 80 9F 36 02 01 07 9F 26 08 BA 97 F0 AF B7 25 01 6A 9F 10 20 0F A6 CE A2 30 C0 0A 00 00 00 00 00 00 00 00 00 0F 10 00 00 00 00 00 00 00 33 05 18 16 02 10 02 90 00 E2
116.479 182 350 secs	 00 40 21 80 AE 40 00 1B 00 00 00 00 00 00 00 00 00 00 00 00 00 00 00 00 30 30 80 00 04 80 00 B7 70 A2 3B 00 4E
116.479 182 350 secs	 00 40 21 80 AE 40 00 1B 00 00 00 00 00 00 00 00 00 00 00 00 00 00 00 00 30 30 80 00 04 80 00 B7 70 A2 3B 00 4E
116.598 535 750 secs	 00 40 3B 77 37 9F 27 01 40 9F 36 02 01 07 9F 26 08 2A 53 EC 95 E4 D8 F9 01 9F 10 20 0F A6 CE 62 30 00 0A 00 00 00 00 00 00 00 00 00 0F 10 00 00 00 00 00 00 00 33 05 18 16 02 10 02 90 00 2D
116.598 535 750 secs	 00 40 3B 77 37 9F 27 01 40 9F 36 02 01 07 9F 26 08 2A 53 EC 95 E4 D8 F9 01 9F 10 20 0F A6 CE 62 30 00 0A 00 00 00 00 00 00 00 00 00 0F 10 00 00 00 00 00 00 00 33 05 18 16 02 10 02 90 00 2D
Log eingelesen
105323
105496
105507
105515
105569
105752
105772
106116
106136
108371
108408
108618
108636
108681
108702
108763
108781
108859
108897
108978
108999
109061
109082
109229
109249
109327
109348
113793
113921
116479
116598
Chip Transaktion data customer
18860
10531ATR
23687
24875
26562
30375
35296
35703
42937
